# 3D Phantom library, please use the following notations to define geometrical figures:
# 1-gaussian, 2-parabola1/2, 3-ellipse, 12-parabola1, 13-cone, 14-parabola3/2, 18-rectangle
# No.01 - 9 components: 1 ellipse and 8 parabolas
Model No.01	9 components 
3
1.00e00  0.0 0.0 0.0 0.3 0.3 0.3 00
12
1.00e00  0.45 0.45 0.35 0.5 0.5 0.5 00
12
1.00e00  -0.45 0.45 0.35 0.5 0.5 0.5 00
12
1.00e00  -0.45 -0.45 0.35 0.5 0.5 0.5 00
12
1.00e00  0.45 -0.45 0.35 0.5 0.5 0.5 00
12
1.00e00  0.45 0.45 -0.35 0.5 0.5 0.5 00
12
1.00e00  -0.45 0.45 -0.35 0.5 0.5 0.5 00
12
1.00e00  -0.45 -0.45 -0.35 0.5 0.5 0.5 00
12
1.00e00  0.45 -0.45 -0.35 0.5 0.5 0.5 00
#-------------------------------
# No.02 - 9 components: 1 gaussian and 8 parabolas
Model No.02	9 components 
18
1.00e00  0.0 0.0 0.0 0.3 0.3 0.3 00
12
1.00e00  0.45 0.45 0.35 0.5 0.5 0.5 00
12
1.00e00  -0.45 0.45 0.35 0.5 0.5 0.5 00
12
1.00e00  -0.45 -0.45 0.35 0.5 0.5 0.5 00
12
1.00e00  0.45 -0.45 0.35 0.5 0.5 0.5 00
12
1.00e00  0.45 0.45 -0.35 0.5 0.5 0.5 00
12
1.00e00  -0.45 0.45 -0.35 0.5 0.5 0.5 00
12
1.00e00  -0.45 -0.45 -0.35 0.5 0.5 0.5 00
12
1.00e00  0.45 -0.45 -0.35 0.5 0.5 0.5 00
#-------------------------------
# No.03 - 17 components: tubular structures
Model No.03	17 components 
3
1.00e00 0.0e00  0.7e00 0.0e00 0.2e00 0.2e00 0.9 00.e00           
3
1.00e00 -.6e00   .35e00 0.0e00 0.2e00 0.2e00 0.9 00.e00
3
1.00e00 -.6e00  -.35e00 0.0e00 0.2e00 0.2e00 0.9 00.e00
3
1.00e00 0.0e00  -.7e00 0.0e00 0.2e00 0.2e00 0.9 00.e00
3
1.00e00  .6e00  -.35e00 0.0e00 0.2e00 0.2e00 0.9 00.e00
3
1.00e00  .6e00   .35e00 0.0e00 0.2e00 0.2e00 0.9 00.e00
3
1.00e00 -.2e00  .35e00 0.0e00 0.1e00 0.1e00 0.9 00.e00           
3
1.00e00 -.4e00   .0e00 0.0e00 0.1e00 0.1e00 0.9 00.e00
3
1.00e00 -.2e00  -.35e00 0.0e00 0.1e00 0.1e00 0.9 00.e00
3
1.00e00  .2e00  -.35e00 0.0e00 0.1e00 0.1e00 0.9 00.e00
3
1.00e00  .4e00  .0e00 0.0e00 0.1e00 0.1e00 0.9 00.e00
3
1.00e00  0.2e00  .35e00 0.0e00 0.1e00 0.1e00 0.9 00.e00
1
1.00e00  0.0e00   0.2e00 0.0e00  0.07e00 0.07e00 0.9 00.e00
1
1.00e00  0.2e00   0.00e00 0.0e00 0.07e00 0.07e00 0.9 00.e00
1
1.00e00  -0.2e00   0.0e00 0.0e00 0.07e00 0.07e00 0.9 00.e00
1
1.00e00  0.0e00   -0.2e00 0.0e00 0.07e00 0.07e00 0.9 00.e00
18
1.00e00  0.0 0.0 0.0  0.1e00 0.1e00 0.85e00 00.e00
#-------------------------------
